22
2998948 1810067 7885966
8155700 -116607 -53499
5773266 4856107 -6542086
4550118 7723400 1301858
-2538817 -8982057 5373092
549653 4155612 -5391614
-625980 -2376363 4808490
-237545 6084751 -4534372
-472482 -3329583 -9240396
-9973294 -3695717 4321519
-4872464 9303231 -3868414
-6986497 7458932 6014979
2960003 3232198 871087
6417917 -2217683 -1405512
-2280225 5243500 -387570
-6907133 -4206846 -6231957
-2298747 5167173 1391680
-7490257 -5070371 -2523568
-2024629 4457146 4146848
-1265025 4483852 -9548868
-6943506 9611388 9754362
-811920 -7375109 7213295
